boundary -1.000000 0.000000 0.000000 26.000000 10.000000 10.000000

block 1.000000 0.000000 0.00000 2.000000 10.000000 6.00000 0.000000 0.000000 255.000000
block 1.000000 0.000000 8.00000 6.000000 9.000000 10.00000 0.000000 0.000000 255.000000
block 6.000000 0.000000 1.00000 7.000000 10.000000 10.00000 0.000000 0.000000 255.000000
block 3.000000 4.000000 5.00000 5.000000 10.000000 8.00000 0.000000 0.000000 255.000000

block 8.000000 0.000000 0.00000 9.000000 7.000000 10.00000 0.000000 0.000000 255.000000
block 9.000000 0.000000 0.00000 12.00000 9.000000 1.00000 0.000000 0.000000 255.000000
block 9.000000 0.000000 9.00000 12.00000 9.000000 10.00000 0.000000 0.000000 255.000000
block 9.000000 0.000000 4.00000 10.00000 9.000000 5.00000 0.000000 0.000000 255.000000

block 13.000000 0.000000 0.00000 14.000000 10.000000 5.00000 0.000000 0.000000 255.000000
block 13.000000 2.000000 5.00000 14.000000 10.000000 10.00000 0.000000 0.000000 255.000000
block 14.000000 0.000000 9.00000 16.00000 9.000000 10.00000 0.000000 0.000000 255.000000
block 14.000000 0.000000 4.00000 16.00000 9.000000 5.00000 0.000000 0.000000 255.000000
block 16.000000 0.000000 0.00000 17.000000 9.000000 10.00000 0.000000 0.000000 255.000000

block 19.000000 0.000000 1.00000 20.000000 10.000000 8.00000 0.000000 0.000000 255.000000
block 19.000000 0.000000 8.00000 25.000000 10.000000 10.00000 0.000000 0.000000 255.000000
block 24.000000 0.000000 0.00000 25.000000 10.000000 6.00000 0.000000 0.000000 255.000000
block 21.000000 3.000000 5.00000 23.000000 10.000000 8.00000 0.000000 0.000000 255.000000